258
      5.69999981E+00      0.00000000E+00
      5.69979239E+00      1.70457177E-02
      5.69916964E+00      3.40813249E-02
      5.69813251E+00      5.10967225E-02
      5.69668150E+00      6.80818111E-02
      5.69481707E+00      8.50265324E-02
      5.69254017E+00      1.01920813E-01
      5.68985319E+00      1.18754677E-01
      5.68675661E+00      1.35518074E-01
      5.68325329E+00      1.52201116E-01
      5.67934418E+00      1.68793917E-01
      5.67503262E+00      1.85286596E-01
      5.67032051E+00      2.01669380E-01
      5.66521072E+00      2.17932582E-01
      5.65970659E+00      2.34066516E-01
      5.65381145E+00      2.50061601E-01
      5.64752817E+00      2.65908450E-01
      5.64086103E+00      2.81597584E-01
      5.63381386E+00      2.97119677E-01
      5.62639046E+00      3.12465578E-01
      5.61859608E+00      3.27626228E-01
      5.61043453E+00      3.42592508E-01
      5.60191107E+00      3.57355624E-01
      5.59303045E+00      3.71906787E-01
      5.58379841E+00      3.86237442E-01
      5.57422018E+00      4.00338978E-01
      5.56430101E+00      4.14203137E-01
      5.55404758E+00      4.27821606E-01
      5.54346514E+00      4.41186398E-01
      5.53256083E+00      4.54289436E-01
      5.52134037E+00      4.67123181E-01
      5.50981092E+00      4.79679823E-01
      5.49797916E+00      4.91952002E-01
      5.48585176E+00      5.03932416E-01
      5.47343636E+00      5.15614033E-01
      5.46074057E+00      5.26989758E-01
      5.44777107E+00      5.38052976E-01
      5.43453598E+00      5.48797131E-01
      5.42104340E+00      5.59215784E-01
      5.40730143E+00      5.69302797E-01
      5.39331722E+00      5.79052210E-01
      5.37910032E+00      5.88458180E-01
      5.36465836E+00      5.97515166E-01
      5.34999990E+00      6.06217802E-01
      5.33513403E+00      6.14560902E-01
      5.32006979E+00      6.22539520E-01
      5.30481529E+00      6.30148947E-01
      5.28938007E+00      6.37384653E-01
      5.27377319E+00      6.44242346E-01
      5.25800419E+00      6.50717974E-01
      5.24208212E+00      6.56807661E-01
      5.22601604E+00      6.62507832E-01
      5.20981646E+00      6.67815149E-01
      5.19349241E+00      6.72726333E-01
      5.17705345E+00      6.77238584E-01
      5.16050959E+00      6.81349218E-01
      5.14387035E+00      6.85055733E-01
      5.12714577E+00      6.88355923E-01
      5.11034584E+00      6.91247940E-01
      5.09348059E+00      6.93730056E-01
      5.07656002E+00      6.95800662E-01
      5.05959368E+00      6.97458684E-01
      5.04259205E+00      6.98703051E-01
      5.02556515E+00      6.99532986E-01
      5.00852346E+00      6.99948072E-01
      4.99147654E+00      6.99948072E-01
      4.97443438E+00      6.99532986E-01
      4.95740795E+00      6.98703051E-01
      4.94040632E+00      6.97458684E-01
      4.92343998E+00      6.95800662E-01
      4.90651941E+00      6.93730056E-01
      4.88965416E+00      6.91247940E-01
      4.87285423E+00      6.88355923E-01
      4.85612965E+00      6.85055733E-01
      4.83949041E+00      6.81349218E-01
      4.82294655E+00      6.77238584E-01
      4.80650759E+00      6.72726333E-01
      4.79018354E+00      6.67815089E-01
      4.77398348E+00      6.62507832E-01
      4.75791788E+00      6.56807661E-01
      4.74199581E+00      6.50717914E-01
      4.72622681E+00      6.44242287E-01
      4.71061993E+00      6.37384593E-01
      4.69518471E+00      6.30148888E-01
      4.67993021E+00      6.22539461E-01
      4.66486597E+00      6.14560843E-01
      4.65000010E+00      6.06217742E-01
      4.63534164E+00      5.97515106E-01
      4.62089968E+00      5.88458121E-01
      4.60668278E+00      5.79052150E-01
      4.59269857E+00      5.69302797E-01
      4.57895613E+00      5.59215724E-01
      4.56546402E+00      5.48797071E-01
      4.55222893E+00      5.38052917E-01
      4.53925943E+00      5.26989698E-01
      4.52656317E+00      5.15613914E-01
      4.51414824E+00      5.03932357E-01
      4.50202084E+00      4.91951913E-01
      4.49018908E+00      4.79679704E-01
      4.47865963E+00      4.67123121E-01
      4.46743917E+00      4.54289377E-01
      4.45653439E+00      4.41186249E-01
      4.44595242E+00      4.27821457E-01
      4.43569899E+00      4.14203078E-01
      4.42577982E+00      4.00338888E-01
      4.41620159E+00      3.86237264E-01
      4.40696907E+00      3.71906757E-01
      4.39808893E+00      3.57355505E-01
      4.38956547E+00      3.42592359E-01
      4.38140392E+00      3.27626139E-01
      4.37360954E+00      3.12465519E-01
      4.36618614E+00      2.97119558E-01
      4.35913897E+00      2.81597406E-01
      4.35247183E+00      2.65908360E-01
      4.34618855E+00      2.50061661E-01
      4.34029341E+00      2.34066471E-01
      4.33478928E+00      2.17932656E-01
      4.32967949E+00      2.01669410E-01
      4.32496738E+00      1.85286567E-01
      4.32065582E+00      1.68793857E-01
      4.31674671E+00      1.52201176E-01
      4.31324339E+00      1.35518089E-01
      4.31014681E+00      1.18754625E-01
      4.30745983E+00      1.01920888E-01
      4.30518293E+00      8.50265473E-02
      4.30331850E+00      6.80817887E-02
      4.30186749E+00      5.10966443E-02
      4.30083036E+00      3.40813659E-02
      4.30020761E+00      1.70457065E-02
      4.30000019E+00     -6.11959408E-08
      4.30020761E+00     -1.70456618E-02
      4.30083036E+00     -3.40813175E-02
      4.30186749E+00     -5.10967635E-02
      4.30331850E+00     -6.80819079E-02
      4.30518293E+00     -8.50265101E-02
      4.30745983E+00     -1.01920851E-01
      4.31014681E+00     -1.18754737E-01
      4.31324339E+00     -1.35518044E-01
      4.31674671E+00     -1.52201146E-01
      4.32065582E+00     -1.68793961E-01
      4.32496738E+00     -1.85286701E-01
      4.32967949E+00     -2.01669380E-01
      4.33478928E+00     -2.17932612E-01
      4.34029341E+00     -2.34066606E-01
      4.34618855E+00     -2.50061601E-01
      4.35247183E+00     -2.65908480E-01
      4.35913897E+00     -2.81597644E-01
      4.36618614E+00     -2.97119826E-01
      4.37360954E+00     -3.12465608E-01
      4.38140392E+00     -3.27626258E-01
      4.38956547E+00     -3.42592597E-01
      4.39808893E+00     -3.57355624E-01
      4.40696955E+00     -3.71906817E-01
      4.41620159E+00     -3.86237502E-01
      4.42577982E+00     -4.00338978E-01
      4.43569899E+00     -4.14203137E-01
      4.44595242E+00     -4.27821666E-01
      4.45653486E+00     -4.41186488E-01
      4.46743917E+00     -4.54289526E-01
      4.47865963E+00     -4.67123210E-01
      4.49018908E+00     -4.79679912E-01
      4.50202084E+00     -4.91952002E-01
      4.51414824E+00     -5.03932476E-01
      4.52656364E+00     -5.15613973E-01
      4.53925943E+00     -5.26989758E-01
      4.55222893E+00     -5.38053036E-01
      4.56546402E+00     -5.48797190E-01
      4.57895660E+00     -5.59215903E-01
      4.59269905E+00     -5.69302976E-01
      4.60668278E+00     -5.79052329E-01
      4.62089968E+00     -5.88458180E-01
      4.63534164E+00     -5.97515166E-01
      4.65000010E+00     -6.06217802E-01
      4.66486597E+00     -6.14560962E-01
      4.67993069E+00     -6.22539580E-01
      4.69518518E+00     -6.30149007E-01
      4.71061993E+00     -6.37384713E-01
      4.72622681E+00     -6.44242346E-01
      4.74199581E+00     -6.50717974E-01
      4.75791788E+00     -6.56807721E-01
      4.77398396E+00     -6.62507892E-01
      4.79018354E+00     -6.67815149E-01
      4.80650806E+00     -6.72726393E-01
      4.82294703E+00     -6.77238643E-01
      4.83949041E+00     -6.81349218E-01
      4.85612965E+00     -6.85055733E-01
      4.87285423E+00     -6.88355982E-01
      4.88965416E+00     -6.91248000E-01
      4.90651941E+00     -6.93730056E-01
      4.92344046E+00     -6.95800722E-01
      4.94040680E+00     -6.97458684E-01
      4.95740795E+00     -6.98703051E-01
      4.97443485E+00     -6.99532986E-01
      4.99147654E+00     -6.99948072E-01
      5.00852346E+00     -6.99948072E-01
      5.02556562E+00     -6.99532986E-01
      5.04259253E+00     -6.98702991E-01
      5.05959415E+00     -6.97458625E-01
      5.07656002E+00     -6.95800662E-01
      5.09348059E+00     -6.93730056E-01
      5.11034632E+00     -6.91247940E-01
      5.12714624E+00     -6.88355923E-01
      5.14387035E+00     -6.85055614E-01
      5.16050959E+00     -6.81349099E-01
      5.17705393E+00     -6.77238524E-01
      5.19349241E+00     -6.72726274E-01
      5.20981646E+00     -6.67815030E-01
      5.22601652E+00     -6.62507772E-01
      5.24208212E+00     -6.56807601E-01
      5.25800419E+00     -6.50717795E-01
      5.27377367E+00     -6.44242167E-01
      5.28938055E+00     -6.37384474E-01
      5.30481529E+00     -6.30148888E-01
      5.32006979E+00     -6.22539401E-01
      5.33513451E+00     -6.14560783E-01
      5.35000038E+00     -6.06217623E-01
      5.36465836E+00     -5.97514987E-01
      5.37910032E+00     -5.88457942E-01
      5.39331722E+00     -5.79052150E-01
      5.40730143E+00     -5.69302738E-01
      5.42104387E+00     -5.59215665E-01
      5.43453646E+00     -5.48796952E-01
      5.44777155E+00     -5.38052797E-01
      5.46074057E+00     -5.26989520E-01
      5.47343683E+00     -5.15613735E-01
      5.48585224E+00     -5.03932357E-01
      5.49797916E+00     -4.91951883E-01
      5.50981092E+00     -4.79679912E-01
      5.52134037E+00     -4.67123210E-01
      5.53256083E+00     -4.54289466E-01
      5.54346561E+00     -4.41186339E-01
      5.55404758E+00     -4.27821547E-01
      5.56430101E+00     -4.14203286E-01
      5.57422018E+00     -4.00339097E-01
      5.58379841E+00     -3.86237502E-01
      5.59303045E+00     -3.71906817E-01
      5.60191107E+00     -3.57355595E-01
      5.61043453E+00     -3.42592448E-01
      5.61859608E+00     -3.27626079E-01
      5.62639046E+00     -3.12465757E-01
      5.63381386E+00     -2.97119796E-01
      5.64086103E+00     -2.81597614E-01
      5.64752817E+00     -2.65908480E-01
      5.65381145E+00     -2.50061572E-01
      5.65970659E+00     -2.34066412E-01
      5.66521072E+00     -2.17932433E-01
      5.67032051E+00     -2.01669514E-01
      5.67503262E+00     -1.85286671E-01
      5.67934418E+00     -1.68793961E-01
      5.68325329E+00     -1.52201116E-01
      5.68675661E+00     -1.35518029E-01
      5.68985319E+00     -1.18754566E-01
      5.69254017E+00     -1.01920672E-01
      5.69481659E+00     -8.50266591E-02
      5.69668150E+00     -6.80818930E-02
      5.69813251E+00     -5.10967486E-02
      5.69916964E+00     -3.40813026E-02
      5.69979239E+00     -1.70456450E-02
